6.883937272190078505e-02
5.602416239985197333e-01
3.243537450218447749e-01
5.848447829111188406e-02
4.175517631427106968e-01
1.239023807567078556e-01
9.872933054100156980e-01
2.519612509135563672e-01
4.193340659262356079e-02
2.304127210724679076e-01
8.128857749990608950e-01
6.210078789622214962e-02
1.540195478206457524e-01
2.117166513048778231e-01
8.635066076855519857e-01
5.148282265251156314e-02
2.490627124570496953e-01
4.584875785217669142e-01
8.721957239096181924e-01
1.621044780415445419e-01
2.106486045220894998e-01
3.454002193711531998e-02
2.882705238518092350e-01
5.169235313706292967e-01
1.162629711705088914e-01
3.715151804920883150e-01
2.952958704905689902e-01
2.485324575056258381e-02
2.175873285120867584e-02
1.384153359172601572e-01
3.369385957066955983e-02
8.888053277546560660e-02
3.196613427152859843e-02
2.665703443298295117e-01
8.088768495802259872e-01
4.777425571715205876e-01
6.244027967651537281e-02
7.427454205485541916e-01
1.283801225900418896e-01
4.311938944833197673e-02
2.877462502924830190e-01
6.862624637447335418e-01
8.814429929952090348e-02
9.594477591390296323e-02
7.572640015444283002e-01
3.472130695899873498e-02
2.258390393794533768e-01
7.910966305587803504e-02
6.193535640963263034e-02
3.649412180473801670e-01
9.452745880556391311e-01
2.546063673622523948e-01
8.967044614478917319e-01
5.992444832232901586e-01
6.328756586138575280e-01
9.332731042839003122e-01
4.622048027975221851e-01
4.023340062650375692e-01
6.403028259088129337e-01
8.162532757289404639e-01
8.167173501458343532e-01
7.061522998874835144e-01
1.867620570345351616e-01
9.125370429465667899e-01
8.545579620364824880e-01
7.976761831496921307e-01
7.882652657760816917e-01
8.869606653396258089e-01
4.725732048558300424e-01
8.451869202898147915e-01
9.642785741984862824e-01
3.772555961944620839e-01
6.645312261205990056e-01
5.553966726827976874e-01
7.811332493201127436e-01
9.052159131313420870e-01
8.830093959024402084e-01
6.446565862441951955e-01
9.507066988048296086e-01
3.103460926138635889e-01
1.659922431925724695e-01
9.924846098399421335e-01
8.283642094570994319e-01
9.169060653881595524e-01
6.180552885921333228e-01
8.433156151845171422e-01
8.267252943901908235e-01
6.781729877784858918e-01
7.441550823592968378e-01
9.697712341815527548e-01
3.006864592199104957e-01
6.045700836567253766e-01
5.720228145250312313e-01
6.429795392108864638e-01
7.547487765921458980e-01
6.889427896822279962e-01
7.382742697227886453e-01
7.189431605869577302e-01
9.430509415648383742e-01
5.091865690887613649e-01
