1.848306893780242433e-01
1.192450720634082445e-01
1.189712929491869992e-01
1.211500653827106422e-01
9.467679615567088369e-01
9.174531328984787404e-01
3.078596142630971033e-01
9.128486165392971780e-03
2.257177104594696726e-01
1.869369193967630460e-01
1.696035565707871007e-01
1.180880901474082034e-01
8.282027591121144949e-01
9.060882433036181183e-02
8.550646715511770468e-01
3.836658433300593057e-02
2.879826077937056028e-01
1.517927009833683061e-01
2.689205888778689602e-01
6.145884920302772253e-02
1.429994316902480078e-01
2.214818521096808546e-01
1.207313504432914464e-01
4.368658930077157915e-02
2.179432525311122137e-01
2.188780971228498906e-01
3.747429602706341956e-01
9.524493890575802535e-02
9.641411146109175878e-02
1.135007819455975675e-01
4.103868992253473236e-01
5.778125545351328052e-01
6.733223636827463665e-02
1.820762115212609666e-01
7.256597699452756178e-02
2.904645814219325439e-01
3.636137762747835844e-01
2.802502511413159647e-01
1.026729874708122020e-01
1.749777607179149944e-02
2.265624627102295896e-01
6.747018088376016687e-02
2.002202322923617717e-01
3.132809662606836909e-01
8.817433075682973298e-02
2.200508297993059026e-01
2.528357819551937391e-01
3.614023538979872774e-02
1.414444893343291543e-01
1.551589317912079879e-01
9.328551289882009989e-01
7.366555390631304157e-01
7.835301566609523816e-01
8.623647513262207021e-01
5.896458689607454451e-01
8.485572502130921402e-01
9.129889411090914564e-01
6.715611693869893983e-01
6.505000945937837731e-01
9.569874909625067927e-01
8.985210274633921301e-01
4.193474059242899288e-01
9.779993334920199510e-01
6.778968996109349110e-01
5.147011927578279966e-01
9.799013148168054244e-01
9.536337851019002221e-01
8.127704321897630813e-01
9.030667569405496087e-01
4.248884043880196137e-01
6.252247593330088060e-01
4.761907478278692984e-01
3.454961967297795478e-01
9.851965884042056532e-01
2.578541695526706534e-01
8.494738723163919314e-01
8.250470913467062850e-01
7.255325389972321348e-01
8.268815094811064748e-02
7.655216678135737807e-01
7.584590954516279293e-01
8.919152259858218468e-01
8.956204013609360137e-01
9.635357530538806170e-01
7.657068368156244587e-01
9.554915251733808734e-01
9.957761445775151765e-01
4.074284287812937055e-01
9.813931154087276454e-01
8.999501103416945869e-01
7.374370200581815693e-01
4.914270057263272484e-01
5.685515870484442180e-01
8.607610299618264627e-01
2.179965721502825915e-01
9.490646173230831151e-01
8.922801692024198150e-01
6.728473112913671006e-01
8.266722101639311093e-01
9.794470916086714940e-01
