1.849953337963190503e-01
1.220791153064173656e-01
1.207852834967051148e-01
1.228427194437152065e-01
9.455383373759802534e-01
9.166822349592033126e-01
3.093723093842069560e-01
9.361829914020965149e-03
2.275558602520608154e-01
1.893130713175714963e-01
1.697399271602879900e-01
1.204080283785081001e-01
8.265533099532219596e-01
9.178534931411530540e-02
8.516397137795381767e-01
3.987170063430543060e-02
2.916344816415566421e-01
1.510439877980477297e-01
2.708835857533169467e-01
6.273139763444510186e-02
1.450786927083116962e-01
2.209632019640474510e-01
1.217282309852343314e-01
4.457694353603395415e-02
2.213137546093194574e-01
2.223133600074242711e-01
3.785960663552698779e-01
9.805251710505061280e-02
9.844233682964775856e-02
1.150523487669962014e-01
4.122508264018694413e-01
5.835676369521171081e-01
7.013397235469415181e-02
1.849199339525265384e-01
7.390333519817013364e-02
2.900645567048349971e-01
3.640263853185423115e-01
2.808386177503572334e-01
1.038725373185877543e-01
1.818640948021833098e-02
2.285281406293777906e-01
6.809466479580209008e-02
2.028854515275641812e-01
3.156093254718493890e-01
8.909837287042984832e-02
2.237065374953631502e-01
2.562076747457959214e-01
3.695713821039761648e-02
1.410424749423890012e-01
1.568386884847447760e-01
9.317855755325076261e-01
7.358836243389839105e-01
7.833305536421953930e-01
8.592675208406629350e-01
5.865927228934767479e-01
8.451064952172451239e-01
9.096532645879557011e-01
6.675485729388069833e-01
6.507423247140733391e-01
9.565950933272550083e-01
8.962023761185579085e-01
4.227020740207227956e-01
9.773337772523212896e-01
6.752938634585572419e-01
5.098909783257853379e-01
9.794628855105931287e-01
9.524517947107900007e-01
8.125922125115729866e-01
9.021820086755801826e-01
4.216910684263174836e-01
6.252297764873453456e-01
4.783866352161897373e-01
3.509581962519809917e-01
9.847919195976815310e-01
2.575119945501314622e-01
8.466291335983919808e-01
8.244665108900811612e-01
7.249136108070149964e-01
8.390147432197285482e-02
7.632555600825315922e-01
7.534911264891049898e-01
8.903322709138821178e-01
8.931204499595775115e-01
9.624907499097895558e-01
7.666126826327048782e-01
9.547908339562359847e-01
9.955925620700197820e-01
4.095736104273905998e-01
9.809345620424821943e-01
8.975747114456645859e-01
7.353312156993742077e-01
4.907089544429926176e-01
5.643886822644910151e-01
8.609824539022304934e-01
2.190553037710979700e-01
9.477372885409662828e-01
8.910611597488977687e-01
6.731991938597486902e-01
8.274172566817088459e-01
9.788009697102010298e-01
