8.399859280841538711e-02
4.128110028573268586e-01
2.118997458495903152e-01
6.142537912090904190e-02
4.316161561067008989e-01
1.892733547571507635e-01
9.996457497523019153e-01
1.701050538182590777e-01
4.514250745184961167e-02
3.194278965050605379e-01
8.112962509101545594e-01
6.284146922327152329e-02
2.776749288404228855e-01
1.718020856976741340e-01
9.387803872445573683e-01
6.151799267213296091e-02
2.134879149655680985e-01
3.053218265904774076e-01
7.764376724232555649e-01
1.797633212702537120e-01
2.535269188022616915e-01
4.595760217721191893e-02
1.908767531717531774e-01
3.625005334729078377e-01
1.159376328280705970e-01
3.032513871868575128e-01
4.170109465515663416e-01
3.639513675771458706e-02
3.275610685875866845e-02
1.250034216431108181e-01
4.880829422300050208e-02
8.186471576626112856e-02
4.172528214076273723e-02
2.281787375677593876e-01
7.361527456777506861e-01
3.599390062959876291e-01
7.442276388650033436e-02
4.662394293096879250e-01
1.010200990141725819e-01
4.908435665373974549e-02
2.394969497274684334e-01
4.267647906832606197e-01
7.967985523842248397e-02
9.601365767360435510e-02
9.143054682391310584e-01
4.386882845943407966e-02
1.644555650836416749e-01
8.685579746422897318e-02
7.186775775977265190e-02
2.408063385905695464e-01
9.997958994467767146e-01
1.933065978532680085e-01
9.996711070494963547e-01
3.895753108825212307e-01
8.516927572576252770e-01
8.967617387743925805e-01
7.200987844978233854e-01
6.052063553895200565e-01
6.427203858748109511e-01
9.496538151941917860e-01
8.274909489732318324e-01
8.429704838714442428e-01
1.820872036739763222e-01
8.806741248347565998e-01
9.643994529474368971e-01
6.514145281997586467e-01
8.288173305806419977e-01
9.986013479655968528e-01
3.793984062672763335e-01
9.481788080307040900e-01
9.773929255930846605e-01
3.118673429635324124e-01
6.300296556893051347e-01
4.262543321309453237e-01
8.019965093427480207e-01
9.912612335351718151e-01
7.102408576080692093e-01
4.702697736663117301e-01
9.819809330600178798e-01
2.499374977938667586e-01
1.603154260835741307e-01
9.998594856712508250e-01
9.681096750526312356e-01
9.342788365455435562e-01
5.085529893080500408e-01
8.779146160002186949e-01
8.046053813190179316e-01
6.497507034976361950e-01
7.524249725361655816e-01
9.999451393194888071e-01
2.343499816814917369e-01
7.145935849595818068e-01
6.952080880370516969e-01
8.040461038941788541e-01
8.352911083926478630e-01
5.221033808900942264e-01
5.030591574113358888e-01
7.232163425331088469e-01
9.979369265337389994e-01
4.142919505237551703e-01
