9.699784563456319120e+00
7.160277523149108703e+00
1.175741105416337540e+01
7.316538221793996044e+00
1.760974983431473717e+01
6.243239833656568649e+00
7.647616817324780492e+00
8.115119702914531885e+00
8.752748371145806061e+00
6.352698522176073226e+00
5.439259112360089077e+00
6.746190370887288346e+00
8.243566038174275690e+00
9.515563566850435251e+00
9.069802044184903878e+00
9.597044155061947635e+00
8.700033463185883775e+00
1.246835370242236607e+01
9.111133772816922161e+00
9.516560729104845962e+00
7.470363327658525954e+00
1.112803735588164855e+01
8.383163512459502087e+00
6.989133374786788977e+00
6.067279373723692970e+00
5.829651266036849577e+00
1.479422163941226387e+01
6.122498974962514495e+00
1.411136072312461565e+01
5.408067640614440563e+00
9.768926014063508134e+00
7.961800735052297462e+00
7.638124084977383710e+00
1.116034433075919452e+01
1.040671789041188511e+01
1.257736614025702870e+01
8.412964838090374542e+00
6.821182329939486699e+00
1.024060534889916063e+01
5.735223825875864101e+00
4.689145873686917376e+00
1.254243290429609559e+01
6.622671431459965952e+00
8.745521132183068147e+00
1.508984946575234076e+01
1.030699280850128652e+01
1.007614983779811624e+01
7.439131529121947750e+00
8.166153185320364827e+00
1.191364024467945626e+01
7.634824456089138067e+00
9.093911301826738125e+00
9.998195514629854230e+00
6.385862550701979501e+00
1.352175706130836552e+01
7.666349889589295863e+00
6.857419445914502809e+00
1.022101943032087412e+01
9.576482423994864490e+00
9.912084379696221248e+00
7.277469751902485129e+00
7.945670684255745186e+00
1.395843176797348661e+01
6.581284045090043833e+00
1.623771258719798993e+01
6.479142779907241412e+00
8.435351320480084070e+00
5.680603756167836416e+00
1.308621061868363888e+01
8.394466670497866545e+00
5.729240408861088873e+00
1.417380114018298087e+01
7.921781606440642776e+00
1.042816937602548322e+01
1.309047048336286423e+01
1.371266683233997696e+01
5.910814349926863720e+00
1.220294395637835727e+01
7.028541825005182098e+00
7.017100752713260725e+00
1.089318288226515463e+01
1.105911929358487278e+01
1.493088930887840249e+01
4.910412936131803185e+00
4.903361402981352590e+00
7.909430735713171678e+00
1.986332185761880709e+01
4.036803273717438856e+00
1.574467737412033763e+01
9.183652596483062425e+00
6.070263128738758063e+00
7.016485503466490137e+00
7.701839770053098277e+00
5.919155345145801661e+00
1.500205330660438108e+01
7.357105305675623264e+00
9.161456774245539947e+00
9.063326514069514062e+00
8.827909231489945441e+00
1.539499057427900475e+01
9.939486020721307824e+00
1.771413307723563690e+01
1.105537702126416022e+01
1.215385326794635823e+01
9.245574536987536618e+00
4.308652408555103897e+00
8.839973555930113136e+00
6.845684039825194134e+00
8.594431566414304058e+00
1.027074346141400163e+01
7.998661052826325779e+00
1.007679349289770521e+01
6.302904361534603872e+00
9.912334264110699067e+00
1.330084948391119148e+01
1.760752284792629041e+01
1.372433973808642449e+01
1.204812851128255424e+01
7.761150982672718968e+00
9.857799312415822968e+00
9.153047949851391252e+00
1.106103211428988864e+01
6.018179348719179700e+00
8.904707816085329242e+00
6.143484069488263088e+00
1.290412802501263201e+01
1.239960556759173116e+01
1.365953553714712143e+01
9.134439079130963535e+00
7.484667809329359045e+00
5.134092937814384250e+00
6.233577188816147086e+00
6.011682058327462386e+00
1.483439941441792520e+01
9.506155940788042713e+00
1.275499101439929817e+01
1.680360692576882897e+01
7.101998329522696274e+00
1.025660132172343886e+01
1.213351639904077928e+01
1.348114371222704122e+01
1.039468382932486534e+01
1.453075135654655803e+01
1.052554773092227336e+01
1.769578480797013853e+01
9.421154755105661138e+00
1.531007923346070143e+01
1.213298100035589755e+01
5.416105619294457441e+00
8.871965372077477596e+00
8.416341347562893205e+00
9.025823030164568550e+00
1.506985191546402092e+01
1.249694350891614114e+01
1.201315575946745184e+01
6.843831681547130508e+00
7.606008570237874800e+00
7.979679961606398919e+00
4.942279289628256578e+00
5.307533178212101355e+00
4.711920123199094590e+00
9.163840955415338385e+00
9.051534905132376352e+00
8.141239444486767951e+00
7.420818210992045749e+00
1.147941492554788567e+01
1.475439100520510394e+01
7.802393583160466939e+00
1.118322389917385351e+01
1.078783231674740328e+01
1.537411753942210346e+01
1.001691805153804715e+01
5.331120292547374184e+00
1.149805987135795071e+01
1.585386928774592619e+01
5.948194606523718342e+00
1.659851861993129063e+01
1.283575516034090391e+01
6.146074071169485897e+00
9.223674009598305190e+00
1.491887803364576293e+01
1.398036104548207881e+01
1.026575711378480271e+01
6.654929248379842122e+00
9.984439500487924946e+00
8.798234616222876170e+00
9.074405399524213323e+00
8.457261643720357824e+00
7.898840705598357381e+00
5.374480946800569647e+00
1.030042335959134370e+01
1.367531964740377326e+01
6.885164114346687292e+00
5.891279908147788902e+00
6.601986543546176200e+00
6.956402993701797932e+00
1.234391166437782061e+01
1.143416504331818651e+01
1.137502671002076937e+01
1.283635770439326151e+01
5.647272830262772381e+00
4.334517903542950634e+00
5.717708235953731233e+00
8.874432557999803350e+00
9.028032643596185736e+00
6.829530132646317142e+00
9.974425934229799395e+00
7.051622757297348443e+00
7.625337795152650422e+00
6.807865711406945408e+00
1.034727056954763036e+01
5.828817389538543559e+00
6.850237912711425459e+00
7.776249685529366573e+00
4.990855736203447357e+00
8.995289922713009645e+00
4.974326929448944945e+00
8.448700384490720694e+00
5.231716442169497050e+00
6.649571784332027669e+00
9.244254948852795195e+00
1.418169136641202321e+01
1.225030320250906613e+01
8.444108183328397743e+00
7.542011456057553076e+00
1.109094729058703699e+01
1.149032938512544710e+01
8.287337396059230699e+00
6.308796048486109420e+00
1.095917112746199606e+01
8.715080845419956646e+00
6.480564375585268877e+00
1.121318942999322843e+01
1.188262220850283057e+01
5.689952650260536871e+00
8.548622388386407422e+00
6.027750897377241124e+00
1.101516425752688200e+01
1.009488437725261711e+01
1.890568349733484865e+01
9.387208524304194057e+00
6.425052737708665695e+00
9.817639007883766311e+00
8.854926443658611035e+00
1.087512490856755853e+01
1.111004707717226303e+01
9.037222841752706515e+00
6.753922394464349388e+00
1.191425105620616343e+01
9.627541621938762617e+00
